118182107;1329677322;1329681829;
118182111;269392606;1725796700;
118182111;1725796700;269392604;
118182111;269392604;269392603;
118182111;269392603;1839222449;
118182111;1839222449;1329676433;
118182111;1329676433;269392602;
118182111;269392602;1329679247;
118182111;1329679247;5380348040;
118182121;1329677992;1329684239;
118182121;1329684239;1329681649;
118182121;1329681649;1329678731;
118182194;1329677065;1329677772;
118182194;1329677772;1329679324;
118182194;1329679324;2107300186;
118182194;2107300186;2107300174;
118182194;2107300174;1329676510;
118182194;1329676510;1329678066;
118182197;1329682212;4776393398;
118182197;4776393398;1329678638;
118182220;1329679334;1329679200;
118182220;1329679200;1329677321;
118182220;1329677321;1329683698;
118182220;1329683698;1329678802;
118182220;1329678802;1329677201;
118182220;1329677201;1329680941;
118182220;1329680941;1329676842;
118182220;1329676842;1329679343;
118182220;1329679343;1329677972;
118182220;1329677972;1329683677;
118182220;1329683677;1155452988;
118182220;1155452988;1329677985;
118182220;1329677985;1329684204;
118182220;1329684204;1329678859;
118182220;1329678859;1329677249;
118182220;1329677249;1155452484;
118182220;1155452484;1329679334;
118182234;1329679408;4776393407;
118182234;4776393407;1329677987;
118182234;1329677987;1329678638;
118182234;1329678638;1329679235;
118182234;1329679235;1329677446;
118182234;1329677446;1329679004;
118182234;1329679004;1329677264;
118182234;1329677264;1329681545;
118182234;1329681545;1329678196;
118182235;1329678461;1329678496;
118182235;1329678496;1329676824;
118182235;1329676824;1329681509;
118182235;1329681509;1329678191;
118182235;1329678191;1329676393;
118182235;1329676393;1329679229;
118182235;1329679229;1329677994;
118182235;1329677994;1329684489;
118182235;1329684489;1329678978;
118182235;1329678978;1329677262;
118182235;1329677262;1329683533;
118182235;1329683533;1329678698;
118182235;1329678698;1329677772;
118250502;1329677977;1329677257;
118250502;1329677257;1329677322;
118250570;1329677322;1329681261;
118250570;1329681261;1329678186;
118250570;1329678186;1329677064;
118250570;1329677064;1329679450;
118250570;1329679450;1329677992;
160210248;1722755173;1155453012;
160210249;1155453012;5380348045;
160210249;5380348045;1722755235;
160210250;1722755138;1722755167;
160210250;1722755167;1725796702;
160210250;1725796702;1722755148;
160210250;1722755148;269392606;
160210253;1722755210;1722755244;
160210253;1722755244;1722755121;
160210253;1722755121;269392610;
160210254;269392606;2107300160;
160210254;2107300160;1722755177;
160210254;1722755177;1722755178;
160210254;1722755178;2107300165;
160210259;1329677065;5380348043;
160210259;5380348043;1722755107;
160210262;269392610;1329678066;
160210265;1722755231;1722755221;
160210265;1722755221;1722755144;
160210265;1722755144;1722755129;
160210265;1722755129;1722755173;
160210265;1722755173;1839222405;
160210265;1839222405;1722755153;
160210265;1722755153;1722755235;
160210265;1722755235;1722755210;
160210265;1722755210;1839222403;
160210265;1839222403;1722755150;
160210265;1722755150;1722755175;
160210265;1722755175;5380348044;
160210265;5380348044;1722755189;
160210265;1722755189;1722755239;
160210265;1722755239;1722755107;
160210265;1722755107;1722755138;
160210265;1722755138;1722755231;
160210269;269392610;1722755197;
160210269;1722755197;5380348046;
160525923;1725796702;1725796701;
160525923;1725796701;1725796721;
160525923;1725796721;5380348042;
160525923;5380348042;1725796715;
160525923;1725796715;1725796699;
160525923;1725796699;1725796712;
160525923;1725796712;1725796710;
160525923;1725796710;1725796708;
160525923;1725796708;1725796718;
160525923;1725796718;1725796703;
160525923;1725796703;1725796700;
173094197;1329678066;1839222393;
173094197;1839222393;1839222391;
173094259;1329684239;1839222390;
173094259;1839222390;1329677459;
173094259;1329677459;5380348047;
173094259;5380348047;1329682354;
173094276;1329678731;1839222392;
173094276;1839222392;1839222391;
173094276;1839222391;1839222389;
173094276;1839222389;1329677992;
200679853;1329677972;2106444440;
200679853;2106444440;2106444439;
200679854;2106444439;1155452991;
200679854;1155452991;2106445095;
200679854;2106445095;1155452994;
200679854;1155452994;1329678196;
200679854;1329678196;1155452998;
200679854;1155452998;1155453003;
200679854;1155453003;1155453008;
200679854;1155453008;1155453012;
200679856;2106444439;2106444441;
200679856;2106444441;1329684204;
200679857;1329678650;1329677055;
200679857;1329677055;1329682212;
200679857;1329682212;1329679400;
200679857;1329679400;1329678436;
200679857;1329678436;1329676450;
200679857;1329676450;1329679245;
200679857;1329679245;1329677457;
200679857;1329677457;1329677212;
200679857;1329677212;1329680955;
200679857;1329680955;1329678108;
200679857;1329678108;1329684644;
200679857;1329684644;4776393406;
200679857;4776393406;1329679408;
200679857;1329679408;1329679367;
200679857;1329679367;1329677977;
200679955;2106445095;2106445091;
200679955;2106445091;2106445093;
200771002;2107300150;2107300145;
200771005;2107300173;2107300172;
200771006;2107300167;2107300154;
200771006;2107300154;2107300147;
200771007;2107300174;2107300172;
200771007;2107300172;2107300150;
200771007;2107300150;2107300166;
200771007;2107300166;2107300167;
200771007;2107300167;2107300145;
200771007;2107300145;2107300173;
200771007;2107300173;2107300186;
200771008;2107300152;2107300192;
200771008;2107300192;2107300162;
200771009;2107300160;2107300178;
200771009;2107300178;2107300152;
200771012;2107300190;2107300178;
200771014;2107300159;2107300165;
200771118;2107300151;2107300190;
200771119;2107300152;2107300156;
200771119;2107300156;2107300151;
200771120;2107300190;2107300159;
200771120;2107300159;2107300149;
200771120;2107300149;2107300184;
200771120;2107300184;2107300163;
200771120;2107300163;1155453012;
484891381;4776393398;4776393399;
484891381;4776393399;4776393400;
484891381;4776393400;4776393401;
484891381;4776393401;4776393402;
484891381;4776393402;4776393403;
484891381;4776393403;4776393404;
484891381;4776393404;4776393405;
484891381;4776393405;4776393406;
557947179;2107300165;1722755243;
557947179;1722755243;1722755222;
557947179;1722755222;5380348041;
557947179;5380348041;1722755129;
557947183;5380348044;1329677065;
557947188;5380348046;1722755195;
557947188;1722755195;1722755175;
557947193;1329678066;1329678731;
557947200;1329678731;1329682354;
557947206;1329682354;1329681829;
557947206;1329681829;269395088;
557947206;269395088;269394525;
557947206;269394525;1330224488;
557947206;1330224488;1329677062;
